FIELD_SIM_1
VIEW -0.212129 -4.60899 24.83 24.83 20 12 "m"
SIM 120
ELECTRIC 2
3 -4.081 0.07096 4 2.4 0 "25"
12 -7.22 -2.482 4 2.4 0 "50"
MAGNETIC 6
2 -0.07053 0.06757 4 2.4 0 "10" 0 0 2 0.7
5 -0.4719 -5.202 8 8 0 "8" 0 3 4 3
6 -0.4721 -5.237 6 6 0 "8" 1 3 3 2
7 -0.4717 -5.254 4 4 0 "10" 0 2 2 0
9 4.64066 -3.77086 2 8 0 "16" 1 1 4 0
17 -7.547 -6.982 6 6 0 "15" 1 0 3 0.7
PLANES 4
14 -0.205474 1.63953 20 0.45 0 1 0.8
16 -0.666066 -10.5374 20 0.45 0 1 0.8
18 -10.8352 -3.78265 20 0.45 1.5708 1 0.8
19 10.22 -4.91 20 0.45 1.5708 1 0.8
EMITTERS 2
10 -8.386 -0.0005322 0 5
0 1 3.5 1.6 1 0.13 1 0.42 0.35 1 1
1 1 3.5 1 1 0.12 0.92 0.78 0.26 1 1
2 1 3.5 1 1 0.12 0.92 0.78 0.26 1 1
3 1 3.5 1 1 0.12 0.92 0.78 0.26 1 1
0 0 3.5 1 -1 0.12 0.92 0.78 0.26 1 1
11 -8.39 -0.8041 -0.523599 5
1 0 3.5 1 2 0.12 0.92 0.78 0.26 1 1
1 3 3.5 2 10 0.12 0.92 0.78 0.26 1 1
1 3 3.5 1 5 0.12 0.92 0.78 0.26 1 1
2 3 3.5 1 5 0.12 0.92 0.78 0.26 1 1
3 3 3.5 1 5 0.12 0.92 0.78 0.26 1 1
