FIELD_SIM_1
VIEW 0.337131 -5.62138 27.7232 27.7232 20 12 "m"
SIM 120
ELECTRIC 4
3 -4.081 0.07096 4 2.4 0 "25" 0 1.6 0.7 60 60 2.4
12 -6.22604 -2.40554 4 2.4 0 "20" 0 2 0.7 60 60 2.4
20 -12.61 -7.467 4 20 3.14159 "30" 0 10 0.7 60 60 2.4
21 -9.177 -8.767 4 8 3.92699 "10" 1 4 0.7 45 45 8
MAGNETIC 6
2 -0.07053 0.06757 4 2.4 0 "10" 0 0 2 0.7 60 60 2.4
5 -0.4719 -5.202 8 8 0 "8" 0 3 4 3 60 60 2.4
6 -0.4721 -5.237 6 6 0 "8" 1 3 3 2 60 60 2.4
7 -0.4717 -5.254 4 4 0 "10" 0 2 2 0 60 60 2.4
9 4.64066 -3.77086 2.07846 2.4 0 "16" 1 1 1.2 0 60 60 2.4
17 -6.343 -5.912 4 8 0.785398 "8" 1 1 4 0.7 45 45 8
PLANES 5
14 -0.290868 3.32602 30 0.45 0 1 0.8
16 -0.589607 -10.4801 20 0.45 0 1 0.8
18 -14.8684 -6.80277 20 0.45 1.5708 1 0.8
19 10.22 -4.91 20 0.45 1.5708 1 0.8
22 -12.8309 -17.0073 5 0.45 0 1 0.8
EMITTERS 3
10 -8.386 -0.0005322 0 5
0 1 3.5 1.6 1 0.13 1 0.42 0.35 1 1
1 1 3.5 1 1 0.12 0.92 0.78 0.26 1 1
2 1 3.5 1 1 0.12 0.92 0.78 0.26 1 1
3 1 3.5 1 1 0.12 0.92 0.78 0.26 1 1
0 0 3.5 1 -1 0.12 0.92 0.78 0.26 1 1
11 -10.21 -1.473 -1.0472 6
1 0 3.5 1 2 0.12 0.92 0.78 0.26 1 1
1 3 3.5 2 10 0.12 0.92 0.78 0.26 1 1
1 3 3.5 1 5 0.12 0.92 0.78 0.26 1 1
2 3 3.5 1 5 0.12 0.92 0.78 0.26 1 1
3 3 3.5 1 5 0.12 0.92 0.78 0.26 1 1
0 3 3.5 0.5 -2 0.12 0.908459 0.485626 0.818874 1 1
23 -9.203 -2.751 -1.5708 5
0 3 3.5 1 -1 0.12 0.324057 0.298787 0.761326 1 1
0 3 3.5 2 -1 0.12 0.900329 0.928609 0.853548 1 1
0 3 3.5 3 -1 0.12 0.696131 0.618873 0.704481 1 1
0 3 3.5 1 -2 0.12 0.320079 0.941177 0.332231 1 1
0 3 3.5 1 -3 0.12 0.510171 0.565675 0.565412 1 1
